1010010110010101010110101010101010011001100101100101100101101001100110011010100110
0101101001101010101001010101010101100110011010011010011010010110011001100101011001
1001101001101010011001011010101010100101100101010101010101011001100101011010011010
0110010110010101100110100101010101011010011010101010101010100110011010100101100101
0101010101010110100110010110101001010101011010100101100110100101011010101001010110
1010101010101001011001101001010110101010100101011010011001011010100101010110101001
0110101001101010100110101001010101010101010101011010010101010110010110011001100110
1001010110010101011001010110101010101010101010100101101010101001101001100110011001
0110101001011001010101100110010110010101101010100110011001101010011010011001101001
1001010110100110101010011001101001101010010101011001100110010101100101100110010110
1010010110010101101001101010101010010110101010101001101001101001010101011001100110
0101101001101010010110010101010101101001010101010110010110010110101010100110011001
1001011001010110010101011010100101010110100101010101011010010101101010011010101001
0110100110101001101010100101011010101001011010101010100101101010010101100101010110
1001100101101001011001101010011010010110010110011001101010100110101010011010101001
0110011010010110100110010101100101101001101001100110010101011001010101100101010110
0110010110010110011001101001010110101001011001101001100101011010100110010110011010
1001101001101001100110010110101001010110100110010110011010100101011001101001100101
0101011010010110101010010110011001011010101010100110011010011010011001011001011010
1010100101101001010101101001100110100101010101011001100101100101100110100110100101
0110101010010110010101100101010110101010101001100101010110101001011010010101100110
1001010101101001101010011010101001010101010110011010101001010110100101101010011001
1001010101100101101001010110010110010101100110011010010110010110101001101010011001
0110101010011010010110101001101001101010011001100101101001101001010110010101100110
0101100110101010010101010101101010101001010101100110011001100101101010010110100110
1010011001010101101010101010010101010110101010011001100110011010010101101001011001
