1111111111111111111111111111111111111111111111111111111111111111111111111111111111
1111111111111111111111111111111111111111111111111111111111111111111111111111111111
1111111111111111111111111111111111111111111111111111111111111111111111111111111111
1111111111111111111111111111111111111111111111111111111111111111111111111111111111
1111111111110110100110010110101001010101011010100111111111111111111111111111111111
1111111111111001011001101001010110101010100101011011111111111111111111111111111111
1111111111111010100110101001010101010101010101011011111111111111111111111111111111
1111111111110101011001010110101010101010101010100111111111111111111111111111111111
1111111111111111111111111111111111110101101010100111111111111111111111111111111111
1111111111111111111111111111111111111010010101011011111111111111111111111111111111
1111111111111111111111111111111111110110101010101011111111111111111111111111111111
1111111111111111111111111111111111111001010101010111111111111111111111111111111111
1111111111111111111111111111111111110110100101010111111111111111111111111111111111
1111111111111111111111111111111111111001011010101011111111111111111111111111111111
1111111111111111111111111110011010010110010110011011111111111111111111111111111111
1111111111111111111111111101100101101001101001100111111111111111111111111111111111
1111111111111111111111111101010110101001011001101011111111111111111111111111111111
1111111111111111111111111110101001010110100110010111111111111111111111111111111111
1111111111110110101010010110011001011010101010100111111111111111111111111111111111
1111111111111001010101101001100110100101010101011011111111111111111111111111111111
1111111111110110010101100101010110101010101001100111111111111111111111111111111111
1111111111111001101010011010101001010101010110011011111111111111111111111111111111
1111111111111111111111111111111111111111111111111111111111111111111111111111111111
1111111111111111111111111111111111111111111111111111111111111111111111111111111111
1111111111111111111111111111111111111111111111111111111111111111111111111111111111
1111111111111111111111111111111111111111111111111111111111111111111111111111111111
