111111111111111111111111111111111111111111111111111111111111111111111111111111111111111111111111111111111111111111111111111111111111111111111111111111111111111111111111111111111111111111111111111111111111111111111111111111111111111111111111111111111111111111111111111111111111111111111111111111111111111
111111111111111111111111111111111111111111111111111111111111111111111111111111111111111111111111111111111111111111111111111111111111111111111111111111111111111111111111111111111111111111111111111111111111111111111111111111111111111111111111111111111111111111111111111111111111111111111111111111111111111
111111111111111111111111111111111111111111111111111111111111111111111111111111111111111111111111111111111111111111111111111111111111111111111111111111111111111111111111111111111111111111111111111111111111111111111111111111111111111111111111111111111111111111111111111111111111111111111111111111111111111
111111111111111111111111111111111111111111111111111111111111111111111111111111111111111111111111111111111111111111111111111111111111111111111111111111111111111111111111111111111111111111111111111111111111111111111111111111111111111111111111111111111111111111111111111111111111111111111111111111111111111
111111111111111111111111111111111111111111111111111111111111111111111111111111111111111111111111111111111111111111111111111111111111111111111111111111111111111111111111111111111111111111111111111111111111111111111111111111111111111111111111111111111111111111111111111111111111111111111111111111111111111
111111111111111111111111111111111111111111111111111111111111111111111111111111111111111111111111111111111111111111111111111111111111111111111111111111111111111111111111111111111111111111111111111111111111111111111111111111111111111111111111111111111111111111111111111111111111111111111111111111111111111
111111111111111111111111111111111111111111111111111111111111111111111111111111111111111111111111111111111111111111111111111111111111111111111111111111111111111111111111111111111111111111111111111111111111111111111111111111111111111111111111111111111111111111111111111111111111111111111111111111111111111
111111111111111111111111111111111111111111111111111111111111111111111111111111111111111111111111111111111111111111111111111111111111111111111111111111111111111111111111111111111111111111111111111111111111111111111111111111111111111111111111111111111111111111111111111111111111111111111111111111111111111
111111111111111111111111111111111111111111111111111111111111111111111111111111111111111111111111111111111111111111111111111111111111111111111111111111111111111111111111111111111111111111111111111111111111111111111111111111111111111111111111111111111111111111111111111111111111111111111111111111111111111
111111111111111111111111111111111111111111111111111111111111111111111111111111111111111111111111111111111111111111111111111111111111111111111111111111111111111111111111111111111111111111111111111111111111111111111111111111111111111111111111111111111111111111111111111111111111111111111111111111111111111
111111111111111111111111111111111111111111111111111111111111111111111111111111111111111111111111111111111111111111111111111111111111111111111111111111111111111111111111111111111111111111111111111111111111111111111111111111111111111111111111111111111111111111111111111111111111111111111111111111111111111
111111111111111111111111111111111111111111111111111111111111111111111111111111111111111111111111111111111111111111111111111111111111111111111111111111111111111111111111111111111111111111111111111111111111111111111111111111111111111111111111111111111111111111111111111111111111111111111111111111111111111
111111111111111111111111111111111111111111111111111111111111111111111111111111111111111111111111111111111111111111111111111111111111111111111111111111111111111111111111111111111111111111111111111111111111111111111111111111111111111111111111111111111111111111111111111111111111111111111111111111111111111
111111111111111111111111111111111111111111111111111111111111111111111111111111111111111111111111111111111111111111111111111111111111111111111111111111111111111111111111111111111111111111111111111111111111111111111111111111111111111111111111111111111111111111111111111111111111111111111111111111111111111
111111111111111111111111111111111111111111111111111111111111111111111111111111111111111111111111111111111111111111111111111111111111111111111111111111111111111111111111111111111111111111111111111111111111111111111111111111111111111111111111111111111111111111111111111111111111111111111111111111111111111
111111111111111111111111111111111111111111111111111111111111111111111111111111111111111111111111111111111111111111111111111111111111111111111111111111111111111111111111111111111111111111111111111111111111111111111111111111111111111111111111111111111111111111111111111111111111111111111111111111111111111
111111111111111111111111111111111111111111111111111111111111111111111111111111111111111111111111111111111111111111111111111111111111111111111111111111111111111111111111111111111111111111111111111111111111111111111111111111111111111111111111111111111111111111111111111111111111111111111111111111111111111
111111111111111111111111111111111111111111111111111111111111111111111111111111111111111111111111111111111111111111111111111111111111111111111111111111111111111111111111111111111111111111111111111111111111111111111111111111111111111111111111111111111111111111111111111111111111111111111111111111111111111
111111111111111111111111111111111111111111111111111111111111111111111111111111111111111111111111111111111111111111111111111111111111111111111111111111111111111111111111111111111111111111111111111111111111111111111111111111111111111111111111111111111111111111111111111111111111111111111111111111111111111
111111111111111111111111111111111111111111111111111111111111111111111111111111111111111111111111111111111111111111111111111111111111111111111111111111111111111111111111111111111111111111111111111111111111111111111111111111111111111111111111111111111111111111111111111111111111111111111111111111111111111
111111111111111111111111111111111111111111111111111111111111111111111111111111111111111111111111111111111111111111111111111111111111111111111111111111111111111111111111111111111111111111111111111111111111111111111111111111111111111111111111111111111111111111111111111111111111111111111111111111111111111
111111111111111111111111111111111111111111111111111111111111111111111111111111111111111111111111111111111111111111111111111111111111111111111111111111111111111111111111111111111111111111111111111111111111111111111111111111111111111111111111111111111111111111111111111111111111111111111111111111111111111
111111111111111111111111111111111111111111111111111111111111111111111111111111111111111111111111111111111111111111111111111111111111111111111111111111111111111111111111111111111111111111111111111111111111111111111111111111111111111111111111111111111111111111111111111111111111111111111111111111111111111
111111111111111111111111111111111111111111111111111111111111111111111111111111111111111111111111111111111111111111111111111111111111111111111111111111111111111111111111111111111111111111111111111111111111111111111111111111111111111111111111111111111111111111111111111111111111111111111111111111111111111
111111111111111111111111111111111111111111111111111111111111111111111111111111111111111111111111111111111111111111111111111111111111111111111111111111111111111111111111111111111111111111111111111111111111111111111111111111111111111111111111111111111111111111111111111111111111111111111111111111111111111
111111111111111111111111111111111111111111111111111111111111111111111111111111111111111111111111111111111111111111111111111111111111111111111111111111111111111111111111111111111111111111111111111111111111111111111111111111111111111111111111111111111111111111111111111111111111111111111111111111111111111
111111111111111111111111111111111111111111111111111111111111111111111111111111111111111111111111111111111111111111111111111111111111111111111111111111111111111111111111111111111111111111111111111111111111111111111111111111111111111111111111111111111111111111111111111111111111111111111111111111111111111
111111111111111111111111111111111111111111111111111111111111111111111111111111111111111111111111111111111111111111111111111111111111111111111111111111111111111111111111111111111111111111111111111111111111111111111111111111111111111111111111111111111111111111111111111111111111111111111111111111111111111
111111111111111111111111111111111111111111111111111111111111111111111111111111111111111111111111111111111111111111111111111111111111111111111111111111111111111111111111111111111111111111111111111111111111111111111111111111111111111111111111111111111111111111111111111111111111111111111111111111111111111
111111111111111111111111111111111111111111111111111111111111111111111111111111111111111111111111111111111111111111111111111111111111111111111111111111111111111111111111111111111111111111111111111111111111111111111111111111111111111111111111111111111111111111111111111111111111111111111111111111111111111
111111111111111111111111111111111111111111111111111111111111111111111111111111111111111111111111111111111111111111111111111111111111111111111111111111111111111111111111111111111111111111111111111111111111111111111111111111111111111111111111111111111111111111111111111111111111111111111111111111111111111
111111111111111111111111111111111111111111111111111111111111111111111111111111111111111111111111111111111111111111111111111111111111111111111111111111111111111111111111111111111111111111111111111111111111111111111111111111111111111111111111111111111111111111111111111111111111111111111111111111111111111
111111111111111111111111111111111111111111111111111111111111111111111111111111111111111111111111111111111111111111111111111111111111111111111111111111111111111111111111111111111111111111111111111111111111111111111111111111111111111111111111111111111111111111111111111111111111111111111111111111111111111
111111111111111111111111111111111111111111111111111111111111111111111111111111111111111111111111111111111111111111111111111111111111111111111111111111111111111111111111111111111111111111111111111111111111111111111111111111111111111111111111111111111111111111111111111111111111111111111111111111111111111
111111111111111111111111111111111111111111111111111111111111111111111111111111111111111111111111111111111111111111111111111111111111111111111111111111111111111111111111111111111111111111111111111111111111111111111111111111111111111111111111111111111111111111111111111111111111111111111111111111111111111
111111111111111111111111111111111111111111111111111111111111111111111111111111111111111111111111111111111111111111111111111111111111111111111111111111111111111111111111111111111111111111111111111111111111111111111111111111111111111111111111111111111111111111111111111111111111111111111111111111111111111
111111111111111111111111111111111111111111111111111111111111111111111111111111111111111111111111111111111111111111111111111111111111111111111111111111111111111111111111111111111111111111111111111111111111111111111111111111111111111111111111111111111111111111111111111111111111111111111111111111111111111
111111111111111111111111111111111111111111111111111111111111111111111111111111111111111111111111111111111111111111111111111111111111111111111111111111111111111111111111111111111111111111111111111111111111111111111111111111111111111111111111111111111111111111111111111111111111111111111111111111111111111
111111111111111111111111111111111111111111111111111111111111111111111111111111111111111111111111111111111111111111111111111111111111111111111111111111111111111111111111111111111111111111111111111111111111111111111111111111111111111111111111111111111111111111111111111111111111111111111111111111111111111
111111111111111111111111111111111111111111111111111111111111111111111111111111111111111111111111111111111111111111111111111111111111111111111111111111111111111111111111111111111111111111111111111111111111111111111111111111111111111111111111111111111111111111111111111111111111111111111111111111111111111
111111111111111111111111111111111111111111111111111111111111111111111111111111111111111111111111111111111111111111111111111111111111111111111111111111111111111111111111111111111111111111111111111111111111111111111111111111111111111111111111111111111111111111111111111111111111111111111111111111111111111
111111111111111111111111111111111111111111111111111111111111111111111111111111111111111111111111111111111111111111111111111111111111111111111111111111111111111111111111111111111111111111111111111111111111111111111111111111111111111111111111111111111111111111111111111111111111111111111111111111111111111
111111111111111111111111111111111111111111111111111111111111111111111111111111111111111111111111111111111111111111111111111111111111111111111111111111111111111111111111111111111111111111111111111111111111111111111111111111111111111111111111111111111111111111111111111111111111111111111111111111111111111
111111111111111111111111111111111111111111111111111111111111111111111111111111111111111111111111111111111111111111111111111111111111111111111111111111111111111111111111111111111111111111111111111111111111111111111111111111111111111111111111111111111111111111111111111111111111111111111111111111111111111
111111111111111111111111111111111111111111111111111111111111111111111111111111111111111111111111111111111111111111111111111111111111111111111111111111111111111111111111111111111111111111111111111111111111111111111111111111111111111111111111111111111111111111111111111111111111111111111111111111111111111
111111111111111111111111111111111111111111111111111111111111111111111111111111111111111111111111111111111111111111111111111111111111111111111111111111111111111111111111111111111111111111111111111111111111111111111111111111111111111111111111111111111111111111111111111111111111111111111111111111111111111
111111111111111111111111111111111111111111111111111111111111111111111111111111111111111111111111111111111111111111111111111111111111111111111111111111111111111111111111111111111111111111111111111111111111111111111111111111111111111111111111111111111111111111111111111111111111111111111111111111111111111
111111111111111111111111111111111111111111111111111111111111111111111111111111111111111111111111111111111111111111111111111111111111111111111111111111111111111111111111111111111111111111111111111111111111111111111111111111111111111111111111111111111111111111111111111111111111111111111111111111111111111
111111111111111111111111111111111111111111111111111111111111111111111111111111111111111111111111111111111111111111111111111111111111111111111111111111111111111111111111111111111111111111111111111111111111111111111111111111111111111111111111111111111111111111111111111111111111111111111111111111111111111
111111111111111111111111111111111111111111111111111111111111111111111111111111111111111111111111111111111111111111111111111111111111111111111111111111111111111111111111111111111111111111111111111111111111111111111111111111111111111111111111111111111111111111111111111111111111111111111111111111111111111
111111111111111111111111111111111111111111111111111111111111111111111111111111111111111111111111111111111111111111111111111111111111111111111111111111111111111111111111111111111111111111111111111111111111111111111111111111111111111111111111111111111111111111111111111111111111111111111111111111111111111
111111111111111111111111111111111111111111111111111111111111111111111111111111111111111111111111111111111111111111111111111111111111111111111111111111111111111111111111100000111111111111111111111111111111111111111111110000011111111111111111111111111111111111111111111111111111111111111111111111111111111
111111111111111111111111111111111111111111111111111111111111111111111111111111111111111111111111111111111111111111111111111111111111111111111111111111111111111111111111100000111111111111111111111111111111111111111111110000011111111111111111111111111111111111111111111111111111111111111111111111111111111
111111111111111111111111111111111111111111111111111111111111111111111111111111111111111111111111111111111111111111111111111111111111111111111111111111111111111111111111100000111111111111111111111111111111111100011111110000011111111111111111111111111111111111111111111111111111111111111111111111111111111
111111111000000000000001111111111100000000000000111111111111111111100000000000011111111111111111111111111000000000000001111111111111111111111111111111111111111111111111100000111111111111111111111111111111111000001111110000011111111111111111111111111111111111111111111111111111111111111111111111111111111
111111110000000000000000011111111000000000000000001111111111111110000000000000000011111111111111111111110000000000000000011111111111111111111111111111111111111111111111100000111111111111111111111111111111110000000111110000011111111111111111111111111111111111111111111111111111111111111111111111111111111
111111110000000000000000001111111000000000000000000111111111111000000000000000000001111111111111111111110000000000000000001111111111111111111111111111111111111111111111100000111111111111111111000001111111110000000111110000011111111111111111111111111111111111111111111111111111111111111111111111111111111
111111110000000000000000000111111000000000000000000011111111110000000000000000000001111111111111111111110000000000000000000111111111111111111111111111111111111111111111100000111111111111111111000001111111111000001111110000011111111111111111111111111111111111111111111111111111111111111111111111111111111
111111110000001111110000000111111000000111111000000001111111100000000111111110000000111111111111111111110000001111110000000111111111111111111111111111111111111111111111100000111111111111111111000001111111111111111111110000011111111111111111111111111111111111111111111111111111111111111111111111111111111
111111110000001111111100000011111000000111111110000001111111000000001111111111100000111111111111111111110000001111111100000011111111111111111111111111111111111111111111100000111111111111111111000001111111111111111111110000011111111111111111111111111111111111111111111111111111111111111111111111111111111
111111110000001111111100000011111000000111111110000001111111000000111111111111111001111111111111111111110000001111111100000011111111111111111111111111111111111111111111100000111111111111111111000001111111111111111111110000011111111111111111111111111111111111111111111111111111111111111111111111111111111
111111110000001111111110000011111000000111111110000001111110000001111111111111111111111111111111111111110000001111111110000011111111111111111111111111111111111111111111100000111111111111111111000001111111111111111111110000011111111111111111111111111111111111111111111111111111111111111111111111111111111
111111110000001111111110000011111000000111111110000001111110000001111111111111111111111111111111111111110000001111111110000011111000001000000011111110000000000111111111100000111111100000010000000000000001111000001111110000011111110000001111000001111111110000011111100000110000000011111100000000111111111
111111110000001111111110000011111000000111111110000001111100000011111111111111111111111111111111111111110000001111111110000011111000000000000001110000000000000001111111100000111111000000110000000000000001111000001111110000011111100000011111000001111111110000011111100000000000000000110000000000011111111
111111110000001111111100000011111000000111111110000001111100000011111111111111111111111111111111111111110000001111111100000011111000000000000001110000000000000000111111100000111110000000110000000000000001111000001111110000011111000000011111000001111111110000011111100000000000000000100000000000001111111
111111110000001111111100000011111000000111111100000011111100000011111111111111111111111111111111111111110000001111111100000011111000000000000001100000000000000000111111100000111100000001111000000000000011111000001111110000011110000000111111000001111111110000011111100000000000000000000000000000000111111
111111110000001111111000000011111000000111100000000011111100000111111111111111111111111111111111111111110000001111111000000011111000000001111111110000111111100000011111100000111000000011111111000001111111111000001111110000011100000001111111000001111111110000011111100000000111100000000001111000000111111
111111110000001111110000000111111000000000000000000111111000000111111111111111111111111111111111111111110000001111110000000111111000000011111111111111111111110000011111100000110000000111111111000001111111111000001111110000011000000011111111000001111111110000011111100000001111110000000011111100000111111
111111110000000000000000001111111000000000000000011111111000000111111100000000000001111111111111111111110000000000000000001111111000000111111111111111111111110000011111100000100000011111111111000001111111111000001111110000010000001111111111000001111111110000011111100000011111110000000111111100000111111
111111110000000000000000001111111000000000000000111111111000000111111100000000000001111111111111111111110000000000000000001111111000001111111111111111111111110000011111100000000000111111111111000001111111111000001111110000000000011111111111000001111111110000011111100000111111110000001111111100000011111
111111110000000000000000111111111000000000000000011111111000000111111100000000000000111100000000000111110000000000000000111111111000001111111111111111111111110000011111100000000001111111111111000001111111111000001111110000000000111111111111000001111111110000011111100000111111111000001111111100000011111
111111110000000000000011111111111000000111100000001111111100000111111110000000000000111000000000000011110000000000000011111111111000001111111111111110000000000000011111100000000001111111111111000001111111111000001111110000000000111111111111000001111111110000011111100000111111111000001111111100000011111
111111110000001111111111111111111000000111111000000111111100000111111111111111000000111000000000000011110000001111111111111111111000001111111111111000000000000000011111100000000001111111111111000001111111111000001111110000000000111111111111000001111111110000011111100000111111111000001111111100000011111
111111110000001111111111111111111000000111111000000111111100000011111111111111000000111000000000000011110000001111111111111111111000001111111111110000000000000000011111100000000000111111111111000001111111111000001111110000000000011111111111000001111111110000011111100000111111111000001111111100000011111
111111110000001111111111111111111000000111111100000011111100000011111111111111000000111111111111111111110000001111111111111111111000001111111111100000000011110000011111100000100000011111111111000001111111111000001111110000010000001111111111000001111111110000011111100000111111111000001111111100000011111
111111110000001111111111111111111000000111111100000011111100000001111111111111000000111111111111111111110000001111111111111111111000001111111111100000011111110000011111100000110000001111111111000001111111111000001111110000011000000111111111000001111111110000011111100000111111111000001111111100000011111
111111110000001111111111111111111000000111111110000011111110000001111111111111000000111111111111111111110000001111111111111111111000001111111111100000111111110000011111100000110000000111111111000001111111111000001111110000011000000011111111000001111111110000011111100000111111111000001111111100000011111
111111110000001111111111111111111000000111111110000001111110000000111111111111000000111111111111111111110000001111111111111111111000001111111111000000111111110000011111100000111000000111111111000001111111111000001111110000011100000011111111000001111111110000011111100000111111111000001111111100000011111
111111110000001111111111111111111000000111111110000001111111000000011111111111000000111111111111111111110000001111111111111111111000001111111111000000111111100000011111100000111100000011111111000001111111111000001111110000011110000001111111000000111111000000011111100000111111111000001111111100000011111
111111110000001111111111111111111000000111111111000000111111100000000111111110000000111111111111111111110000001111111111111111111000001111111111100000111111000000011111100000111110000001111111000000111111111000001111110000011111000000111111000000011110000000011111100000111111111000001111111100000011111
111111110000001111111111111111111000000111111111000000111111110000000000000000000001111111111111111111110000001111111111111111111000001111111111100000001100000000011111100000111110000000111111000000000001111000001111110000011111000000011111100000000000000000011111100000111111111000001111111100000011111
111111110000001111111111111111111000000111111111100000111111111000000000000000000001111111111111111111110000001111111111111111111000001111111111110000000000000000011111100000111111000000011111100000000001111000001111110000011111100000001111100000000000000000011111100000111111111000001111111100000011111
111111110000001111111111111111111000000111111111100000011111111110000000000000000011111111111111111111110000001111111111111111111000001111111111110000000000000000011111100000111111100000011111100000000001111000001111110000011111110000001111110000000000000000011111100000111111111000001111111100000011111
111111110000001111111111111111111000000111111111100000011111111111100000000000011111111111111111111111110000001111111111111111111000001111111111111100000000010000011111100000111111110000001111110000000001111000001111110000011111111000000111111100000000110000011111100000111111111000001111111100000011111
111111111111111111111111111111111111111111111111111111111111111111111111111111111111111111111111111111111111111111111111111111111111111111111111111111111111111111111111111111111111111111111111111111111111111111111111111111111111111111111111111111111111111111111111111111111111111111111111111111111111111
111111111111111111111111111111111111111111111111111111111111111111111111111111111111111111111111111111111111111111111111111111111111111111111111111111111111111111111111111111111111111111111111111111111111111111111111111111111111111111111111111111111111111111111111111111111111111111111111111111111111111
111111111111111111111111111111111111111111111111111111111111111111111111111111111111111111111111111111111111111111111111111111111111111111111111111111111111111111111111111111111111111111111111111111111111111111111111111111111111111111111111111111111111111111111111111111111111111111111111111111111111111
111111111111111111111111111111111111111111111111111111111111111111111111111111111111111111111111111111111111111111111111111111111111111111111111111111111111111111111111111111111111111111111111111111111111111111111111111111111111111111111111111111111111111111111111111111111111111111111111111111111111111
111111111111111111111111111111111111111111111111111111111111111111111111111111111111111111111111111111111111111111111111111111111111111111111111111111111111111111111111111111111111111111111111111111111111111111111111111111111111111111111111111111111111111111111111111111111111111111111111111111111111111
